0,0,1,0,1,0,-1,0,0,0,0,0.5,0
-1.2033e-06,0,1,0,1,0,-1,0,-1.2033e-06,2.3292e-06,7.6604e-07,0.5,0
-4.8108e-06,0,1,0,1,0,-1,0,-4.8108e-06,9.3122e-06,3.0627e-06,0.5,0
-1.0819e-05,0,1,0,1,0,-1,0,-1.0819e-05,2.0942e-05,6.8877e-06,0.5,0
-1.9225e-05,0,1,0,1,0,-1,0,-1.9225e-05,3.7213e-05,1.2239e-05,0.50001,0
-3.0025e-05,0,1,0,1,0,-1,0,-3.0025e-05,5.8118e-05,1.9114e-05,0.50001,0
-4.3215e-05,0,1,0,1,0,-1,0,-4.3215e-05,8.365e-05,2.7512e-05,0.50002,0
-5.8792e-05,0,1,0,1,0,-1,0,-5.8792e-05,0.0001138,3.7428e-05,0.50003,0
-7.6753e-05,0,1,0,1,0,-1,0,-7.6753e-05,0.00014857,4.8863e-05,0.50003,0
-9.7094e-05,0,1,0,1,0,-1,0,-9.7094e-05,0.00018794,6.1812e-05,0.50004,0
-0.00011981,0,1,0,1,0,-1,0,-0.00011981,0.00023192,7.6275e-05,0.50005,0
-0.0001449,0,1,0,1,0,-1,0,-0.0001449,0.00028049,9.2248e-05,0.50006,0
-0.00017236,0,1,0,1,0,-1,0,-0.00017236,0.00033365,0.00010973,0.50008,0
-0.00020219,0,1,0,1,0,-1,0,-0.00020219,0.00039138,0.00012872,0.50009,0
-0.00023438,0,1,0,1,0,-1,0,-0.00023438,0.0004537,0.00014921,0.50011,0
-0.00026893,0,1,0,1,0,-1,0,-0.00026893,0.00052058,0.00017121,0.50012,0
-0.00030584,0,1,0,1,0,-1,0,-0.00030584,0.00059202,0.0001947,0.50014,0
-0.0003451,0,1,0,1,0,-1,0,-0.0003451,0.00066802,0.0002197,0.50015,0
-0.0003867,0,1,0,1,0,-1,0,-0.0003867,0.00074856,0.00024618,0.50017,0
-0.00043066,0,1,0,1,0,-1,0,-0.00043066,0.00083365,0.00027417,0.50019,0
-0.00047695,0,1,0,1,0,-1,0,-0.00047695,0.00092327,0.00030364,0.50021,0
-0.00052559,0,1,0,1,0,-1,0,-0.00052559,0.0010174,0.0003346,0.50024,0
-0.00057656,0,1,0,1,0,-1,0,-0.00057656,0.0011161,0.00036705,0.50026,0
-0.00062986,0,1,0,1,0,-1,0,-0.00062986,0.0012193,0.00040098,0.50028,0
-0.00068549,0,1,0,1,0,-1,0,-0.00068549,0.001327,0.0004364,0.50031,0
-0.00074345,0,1,0,1,0,-1,0,-0.00074345,0.0014392,0.00047329,0.50033,0
-0.00080373,0,1,0,1,0,-1,0,-0.00080373,0.0015559,0.00051167,0.50036,0
-0.00086632,0,1,0,1,0,-1,0,-0.00086632,0.0016771,0.00055152,0.50039,0
-0.00093123,0,1,0,1,0,-1,0,-0.00093123,0.0018027,0.00059284,0.50042,0
-0.00099845,0,1,0,1,0,-1,0,-0.00099845,0.0019329,0.00063564,0.50045,0
-0.001068,0,1,0,1,0,-1,0,-0.001068,0.0020675,0.0006799,0.50048,0
-0.0011398,0,1,0,1,0,-1,0,-0.0011398,0.0022066,0.00072563,0.50051,0
-0.001214,0,1,0,1,0,-1,0,-0.001214,0.0023501,0.00077283,0.50054,0
-0.0012904,0,1,0,1,0,-1,0,-0.0012904,0.0024981,0.00082149,0.50058,0
-0.0013691,0,1,0,1,0,-1,0,-0.0013691,0.0026506,0.0008716,0.50061,0
-0.0014501,0,1,0,1,0,-1,0,-0.0014501,0.0028074,0.00092318,0.50065,0
-0.0015334,0,1,0,1,0,-1,0,-0.0015334,0.0029687,0.00097622,0.50069,0
-0.001619,0,1,0,1,0,-1,0,-0.001619,0.0031345,0.0010307,0.50072,0
-0.0017069,0,1,0,1,0,-1,0,-0.0017069,0.0033046,0.0010866,0.50076,0
-0.001797,0,1,0,1,0,-1,0,-0.001797,0.0034792,0.001144,0.5008,0
-0.0018895,0,1,0,1,0,-1,0,-0.0018895,0.0036581,0.0012029,0.50084,0
-0.0019841,0,1,0,1,0,-1,0,-0.0019841,0.0038415,0.0012631,0.50089,0
-0.0020811,0,1,0,1,0,-1,0,-0.0020811,0.0040293,0.0013249,0.50093,0
-0.0021803,0,1,0,1,0,-1,0,-0.0021803,0.0042214,0.001388,0.50097,0
-0.0022818,0,1,0,1,0,-1,0,-0.0022818,0.004418,0.0014526,0.50102,0
-0.0023855,0,1,0,1,0,-1,0,-0.0023855,0.0046189,0.0015187,0.50106,0
-0.0024915,0,1,0,1,0,-1,0,-0.0024915,0.0048241,0.0015862,0.50111,0
-0.0025998,0,1,0,1,0,-1,0,-0.0025998,0.0050338,0.0016551,0.50116,0
-0.0027102,0,1,0,1,0,-1,0,-0.0027102,0.0052478,0.0017254,0.50121,0
-0.002823,0,1,0,1,0,-1,0,-0.002823,0.0054661,0.0017972,0.50126,0
-0.0029379,0,1,0,1,0,-1,0,-0.0029379,0.0056888,0.0018703,0.50131,0
-0.0030551,0,1,0,1,0,-1,0,-0.0030551,0.0059158,0.001945,0.50136,0
-0.0031746,0,0.99999,0,1,0,-0.99999,0,-0.0031746,0.0061471,0.002021,0.50141,0
-0.0032962,0,0.99999,0,1,0,-0.99999,0,-0.0032962,0.0063828,0.0020984,0.50147,0
-0.0034201,0,0.99999,0,1,0,-0.99999,0,-0.0034201,0.0066228,0.0021773,0.50152,0
-0.0035462,0,0.99999,0,1,0,-0.99999,0,-0.0035462,0.0068671,0.0022576,0.50158,0
-0.0036745,0,0.99999,0,1,0,-0.99999,0,-0.0036745,0.0071157,0.0023393,0.50163,0
-0.0038051,0,0.99999,0,1,0,-0.99999,0,-0.0038051,0.0073686,0.0024224,0.50169,0
-0.0039378,0,0.99999,0,1,0,-0.99999,0,-0.0039378,0.0076258,0.0025069,0.50175,0
-0.0040728,0,0.99999,0,1,0,-0.99999,0,-0.0040728,0.0078873,0.0025928,0.50181,0
-0.00421,0,0.99999,0,1,0,-0.99999,0,-0.00421,0.008153,0.0026802,0.50187,0
-0.0043493,0,0.99999,0,1,0,-0.99999,0,-0.0043493,0.0084231,0.0027689,0.50193,0
-0.0044909,0,0.99999,0,1,0,-0.99999,0,-0.0044909,0.0086974,0.002859,0.50199,0
-0.0046347,0,0.99999,0,1,0,-0.99999,0,-0.0046347,0.0089759,0.0029505,0.50206,0
-0.0047806,0,0.99999,0,1,0,-0.99999,0,-0.0047806,0.0092587,0.0030434,0.50212,0
-0.0049287,0,0.99999,0,1,0,-0.99999,0,-0.0049287,0.0095458,0.0031377,0.50219,0
-0.0050791,0,0.99999,0,1,0,-0.99999,0,-0.0050791,0.0098371,0.0032334,0.50225,0
-0.0052316,0,0.99999,0,1,0,-0.99999,0,-0.0052316,0.010133,0.0033305,0.50232,0
-0.0053862,0,0.99999,0,1,0,-0.99999,0,-0.0053862,0.010432,0.003429,0.50239,0
-0.0055431,0,0.99998,0,1,0,-0.99998,0,-0.0055431,0.010736,0.0035289,0.50245,0
-0.0057021,0,0.99998,0,1,0,-0.99998,0,-0.0057021,0.011045,0.0036301,0.50252,0
-0.0058633,0,0.99998,0,1,0,-0.99998,0,-0.0058633,0.011357,0.0037327,0.50259,0
-0.0060266,0,0.99998,0,1,0,-0.99998,0,-0.0060266,0.011674,0.0038367,0.50267,0
-0.0061922,0,0.99998,0,1,0,-0.99998,0,-0.0061922,0.011995,0.0039421,0.50274,0
-0.0063598,0,0.99998,0,1,0,-0.99998,0,-0.0063598,0.01232,0.0040488,0.50281,0
-0.0065296,0,0.99998,0,1,0,-0.99998,0,-0.0065296,0.012649,0.0041569,0.50289,0
-0.0067016,0,0.99998,0,1,0,-0.99998,0,-0.0067016,0.012982,0.0042664,0.50296,0
-0.0068757,0,0.99998,0,1,0,-0.99998,0,-0.0068757,0.01332,0.0043773,0.50304,0
-0.007052,0,0.99998,0,1,0,-0.99998,0,-0.007052,0.013661,0.0044895,0.50311,0
-0.0072304,0,0.99997,0,1,0,-0.99997,0,-0.0072304,0.014007,0.004603,0.50319,0
-0.0074109,0,0.99997,0,1,0,-0.99997,0,-0.0074109,0.014357,0.004718,0.50327,0
-0.0075936,0,0.99997,0,1,0,-0.99997,0,-0.0075936,0.014711,0.0048343,0.50335,0
-0.0077784,0,0.99997,0,1,0,-0.99997,0,-0.0077784,0.01507,0.0049519,0.50343,0
-0.0079653,0,0.99997,0,1,0,-0.99997,0,-0.0079653,0.015432,0.0050709,0.50351,0
-0.0081543,0,0.99997,0,1,0,-0.99997,0,-0.0081543,0.015799,0.0051913,0.50359,0
-0.0083455,0,0.99997,0,1,0,-0.99997,0,-0.0083455,0.01617,0.005313,0.50367,0
-0.0085387,0,0.99996,0,1,0,-0.99996,0,-0.0085387,0.016544,0.005436,0.50376,0
-0.0087341,0,0.99996,0,1,0,-0.99996,0,-0.0087341,0.016923,0.0055604,0.50384,0
-0.0089316,0,0.99996,0,1,0,-0.99996,0,-0.0089316,0.017306,0.0056861,0.50393,0
-0.0091312,0,0.99996,0,1,0,-0.99996,0,-0.0091312,0.017694,0.0058132,0.50401,0
-0.0093329,0,0.99996,0,1,0,-0.99996,0,-0.0093329,0.018085,0.0059416,0.5041,0
-0.0095367,0,0.99995,0,1,0,-0.99995,0,-0.0095367,0.01848,0.0060713,0.50419,0
-0.0097426,0,0.99995,0,1,0,-0.99995,0,-0.0097426,0.01888,0.0062024,0.50427,0
-0.0099506,0,0.99995,0,1,0,-0.99995,0,-0.0099506,0.019283,0.0063348,0.50436,0
-0.010161,0,0.99995,0,1,0,-0.99995,0,-0.010161,0.019691,0.0064686,0.50445,0
-0.010373,0,0.99995,0,1,0,-0.99995,0,-0.010373,0.020102,0.0066036,0.50455,0
-0.010587,0,0.99994,0,1,0,-0.99994,0,-0.010587,0.020518,0.00674,0.50464,0
-0.010803,0,0.99994,0,1,0,-0.99994,0,-0.010803,0.020938,0.0068777,0.50473,0
-0.011022,0,0.99994,0,1,0,-0.99994,0,-0.011022,0.021361,0.0070168,0.50482,0
-0.011242,0,0.99994,0,1,0,-0.99994,0,-0.011242,0.021789,0.0071571,0.50492,0
-0.011465,0,0.99993,0,1,0,-0.99993,0,-0.011465,0.022221,0.0072988,0.50501,0
-0.011689,0,0.99993,0,1,0,-0.99993,0,-0.011689,0.022657,0.0074418,0.50511,0
-0.011916,0,0.99993,0,1,0,-0.99993,0,-0.011916,0.023097,0.0075861,0.5052,0
-0.012145,0,0.99993,0,1,0,-0.99993,0,-0.012145,0.023541,0.0077317,0.5053,0
-0.012375,0,0.99992,0,1,0,-0.99992,0,-0.012375,0.023989,0.0078786,0.5054,0
-0.012608,0,0.99992,0,1,0,-0.99992,0,-0.012608,0.024441,0.0080268,0.5055,0
-0.012843,0,0.99992,0,1,0,-0.99992,0,-0.012843,0.024897,0.0081763,0.5056,0
-0.01308,0,0.99991,0,1,0,-0.99991,0,-0.01308,0.025356,0.0083271,0.5057,0
-0.013319,0,0.99991,0,1,0,-0.99991,0,-0.013319,0.02582,0.0084792,0.5058,0
-0.01356,0,0.99991,0,1,0,-0.99991,0,-0.01356,0.026288,0.0086326,0.5059,0
-0.013803,0,0.9999,0,1,0,-0.9999,0,-0.013803,0.02676,0.0087873,0.506,0
-0.014048,0,0.9999,0,1,0,-0.9999,0,-0.014048,0.027236,0.0089433,0.50611,0
-0.014295,0,0.9999,0,1,0,-0.9999,0,-0.014295,0.027716,0.0091006,0.50621,0
-0.014544,0,0.99989,0,1,0,-0.99989,0,-0.014544,0.028199,0.0092592,0.50631,0
-0.014795,0,0.99989,0,1,0,-0.99989,0,-0.014795,0.028687,0.0094191,0.50642,0
-0.015048,0,0.99989,0,1,0,-0.99989,0,-0.015048,0.029179,0.0095802,0.50653,0
-0.015303,0,0.99988,0,1,0,-0.99988,0,-0.015303,0.029674,0.0097426,0.50663,0
-0.01556,0,0.99988,0,1,0,-0.99988,0,-0.01556,0.030174,0.0099063,0.50674,0
-0.015819,0,0.99987,0,1,0,-0.99987,0,-0.015819,0.030677,0.010071,0.50685,0
-0.01608,0,0.99987,0,1,0,-0.99987,0,-0.01608,0.031184,0.010238,0.50696,0
-0.016344,0,0.99987,0,1,0,-0.99987,0,-0.016344,0.031695,0.010405,0.50707,0
-0.016609,0,0.99986,0,1,0,-0.99986,0,-0.016609,0.032211,0.010574,0.50718,0
-0.016876,0,0.99986,0,1,0,-0.99986,0,-0.016876,0.03273,0.010744,0.50729,0
-0.017145,0,0.99985,0,1,0,-0.99985,0,-0.017145,0.033252,0.010915,0.5074,0
-0.017416,0,0.99985,0,1,0,-0.99985,0,-0.017416,0.033779,0.011088,0.50751,0
-0.017689,0,0.99984,0,1,0,-0.99984,0,-0.017689,0.03431,0.011262,0.50763,0
-0.017964,0,0.99984,0,1,0,-0.99984,0,-0.017964,0.034844,0.011437,0.50774,0
-0.018241,0,0.99983,0,1,0,-0.99983,0,-0.018241,0.035383,0.011613,0.50785,0
-0.01852,0,0.99983,0,1,0,-0.99983,0,-0.01852,0.035925,0.011791,0.50797,0
-0.018801,0,0.99982,0,1,0,-0.99982,0,-0.018801,0.036471,0.01197,0.50808,0
-0.019084,0,0.99982,0,1,0,-0.99982,0,-0.019084,0.037021,0.01215,0.5082,0
-0.019369,0,0.99981,0,1,0,-0.99981,0,-0.019369,0.037575,0.012331,0.50832,0
-0.019655,0,0.99981,0,1,0,-0.99981,0,-0.019655,0.038133,0.012514,0.50844,0
-0.019944,0,0.9998,0,1,0,-0.9998,0,-0.019944,0.038694,0.012698,0.50855,0
-0.020235,0,0.9998,0,1,0,-0.9998,0,-0.020235,0.039259,0.012883,0.50867,0
-0.020527,0,0.99979,0,1,0,-0.99979,0,-0.020527,0.039829,0.013069,0.50879,0
-0.020822,0,0.99978,0,1,0,-0.99978,0,-0.020822,0.040402,0.013257,0.50891,0
-0.021119,0,0.99978,0,1,0,-0.99978,0,-0.021119,0.040978,0.013445,0.50903,0
-0.021417,0,0.99977,0,1,0,-0.99977,0,-0.021417,0.041559,0.013636,0.50916,0
-0.021717,0,0.99976,0,1,0,-0.99976,0,-0.021717,0.042143,0.013827,0.50928,0
-0.02202,0,0.99976,0,1,0,-0.99976,0,-0.02202,0.042731,0.014019,0.5094,0
-0.022324,0,0.99975,0,1,0,-0.99975,0,-0.022324,0.043323,0.014213,0.50952,0
-0.02263,0,0.99974,0,1,0,-0.99974,0,-0.02263,0.043919,0.014408,0.50965,0
-0.022938,0,0.99974,0,1,0,-0.99974,0,-0.022938,0.044518,0.014604,0.50977,0
-0.023248,0,0.99973,0,1,0,-0.99973,0,-0.023248,0.045122,0.014802,0.5099,0
-0.02356,0,0.99972,0,1,0,-0.99972,0,-0.02356,0.045729,0.015,0.51002,0
-0.023874,0,0.99971,0,1,0,-0.99971,0,-0.023874,0.046339,0.0152,0.51015,0
-0.02419,0,0.99971,0,1,0,-0.99971,0,-0.02419,0.046954,0.015401,0.51028,0
-0.024507,0,0.9997,0,1,0,-0.9997,0,-0.024507,0.047572,0.015603,0.5104,0
-0.024827,0,0.99969,0,1,0,-0.99969,0,-0.024827,0.048194,0.015807,0.51053,0
-0.025148,0,0.99968,0,1,0,-0.99968,0,-0.025148,0.04882,0.016011,0.51066,0
-0.025471,0,0.99968,0,1,0,-0.99968,0,-0.025471,0.049449,0.016217,0.51079,0
-0.025796,0,0.99967,0,1,0,-0.99967,0,-0.025796,0.050082,0.016424,0.51092,0
-0.026124,0,0.99966,0,1,0,-0.99966,0,-0.026124,0.050719,0.016633,0.51105,0
-0.026452,0,0.99965,0,1,0,-0.99965,0,-0.026452,0.05136,0.016842,0.51118,0
-0.026783,0,0.99964,0,1,0,-0.99964,0,-0.026783,0.052004,0.017053,0.51131,0
-0.027116,0,0.99963,0,1,0,-0.99963,0,-0.027116,0.052652,0.017265,0.51144,0
-0.02745,0,0.99962,0,1,0,-0.99962,0,-0.02745,0.053304,0.017478,0.51157,0
-0.027787,0,0.99961,0,1,0,-0.99961,0,-0.027787,0.053959,0.017692,0.51171,0
-0.028125,0,0.9996,0,1,0,-0.9996,0,-0.028125,0.054618,0.017907,0.51184,0
-0.028465,0,0.99959,0,1,0,-0.99959,0,-0.028465,0.055281,0.018124,0.51197,0
-0.028807,0,0.99958,0,1,0,-0.99958,0,-0.028807,0.055947,0.018342,0.51211,0
-0.029151,0,0.99958,0,1,0,-0.99958,0,-0.029151,0.056617,0.018561,0.51224,0
-0.029497,0,0.99956,0,1,0,-0.99956,0,-0.029497,0.05729,0.018781,0.51238,0
-0.029844,0,0.99955,0,1,0,-0.99955,0,-0.029844,0.057968,0.019002,0.51251,0
-0.030193,0,0.99954,0,1,0,-0.99954,0,-0.030193,0.058649,0.019225,0.51265,0
-0.030545,0,0.99953,0,1,0,-0.99953,0,-0.030545,0.059333,0.019448,0.51279,0
-0.030898,0,0.99952,0,1,0,-0.99952,0,-0.030898,0.060021,0.019673,0.51292,0
-0.031252,0,0.99951,0,1,0,-0.99951,0,-0.031252,0.060713,0.019899,0.51306,0
-0.031609,0,0.9995,0,1,0,-0.9995,0,-0.031609,0.061409,0.020126,0.5132,0
-0.031968,0,0.99949,0,1,0,-0.99949,0,-0.031968,0.062108,0.020355,0.51334,0
-0.032328,0,0.99948,0,1,0,-0.99948,0,-0.032328,0.06281,0.020584,0.51348,0
-0.03269,0,0.99947,0,1,0,-0.99947,0,-0.03269,0.063516,0.020815,0.51362,0
-0.033054,0,0.99945,0,1,0,-0.99945,0,-0.033054,0.064226,0.021047,0.51376,0
-0.03342,0,0.99944,0,1,0,-0.99944,0,-0.03342,0.06494,0.02128,0.5139,0
-0.033787,0,0.99943,0,1,0,-0.99943,0,-0.033787,0.065656,0.021514,0.51404,0
-0.034157,0,0.99942,0,1,0,-0.99942,0,-0.034157,0.066377,0.021749,0.51418,0
-0.034528,0,0.9994,0,1,0,-0.9994,0,-0.034528,0.067101,0.021985,0.51432,0
-0.034901,0,0.99939,0,1,0,-0.99939,0,-0.034901,0.067829,0.022223,0.51446,0
-0.035275,0,0.99938,0,1,0,-0.99938,0,-0.035275,0.06856,0.022462,0.51461,0
-0.035652,0,0.99936,0,1,0,-0.99936,0,-0.035652,0.069295,0.022701,0.51475,0
-0.03603,0,0.99935,0,1,0,-0.99935,0,-0.03603,0.070033,0.022942,0.51489,0
-0.03641,0,0.99934,0,1,0,-0.99934,0,-0.03641,0.070775,0.023185,0.51504,0
-0.036792,0,0.99932,0,1,0,-0.99932,0,-0.036792,0.07152,0.023428,0.51518,0
-0.037176,0,0.99931,0,1,0,-0.99931,0,-0.037176,0.072269,0.023672,0.51532,0
-0.037561,0,0.99929,0,1,0,-0.99929,0,-0.037561,0.073022,0.023918,0.51547,0
-0.037948,0,0.99928,0,1,0,-0.99928,0,-0.037948,0.073777,0.024164,0.51561,0
-0.038337,0,0.99926,0,1,0,-0.99926,0,-0.038337,0.074537,0.024412,0.51576,0
-0.038728,0,0.99925,0,1,0,-0.99925,0,-0.038728,0.0753,0.024661,0.51591,0
-0.03912,0,0.99923,0,1,0,-0.99923,0,-0.03912,0.076066,0.024911,0.51605,0
-0.039514,0,0.99922,0,1,0,-0.99922,0,-0.039514,0.076836,0.025162,0.5162,0
-0.03991,0,0.9992,0,1,0,-0.9992,0,-0.03991,0.077609,0.025414,0.51635,0
-0.040308,0,0.99919,0,1,0,-0.99919,0,-0.040308,0.078386,0.025668,0.51649,0
-0.040707,0,0.99917,0,1,0,-0.99917,0,-0.040707,0.079167,0.025922,0.51664,0
-0.041108,0,0.99915,0,1,0,-0.99915,0,-0.041108,0.07995,0.026178,0.51679,0
-0.041511,0,0.99914,0,1,0,-0.99914,0,-0.041511,0.080738,0.026434,0.51694,0
-0.041916,0,0.99912,0,1,0,-0.99912,0,-0.041916,0.081528,0.026692,0.51709,0
-0.042322,0,0.9991,0,1,0,-0.9991,0,-0.042322,0.082323,0.026951,0.51724,0
-0.04273,0,0.99909,0,1,0,-0.99909,0,-0.04273,0.08312,0.027211,0.51738,0
-0.04314,0,0.99907,0,1,0,-0.99907,0,-0.04314,0.083921,0.027472,0.51753,0
-0.043551,0,0.99905,0,1,0,-0.99905,0,-0.043551,0.084726,0.027734,0.51768,0
-0.043964,0,0.99903,0,1,0,-0.99903,0,-0.043964,0.085533,0.027998,0.51783,0
-0.044379,0,0.99901,0,1,0,-0.99901,0,-0.044379,0.086345,0.028262,0.51798,0
-0.044796,0,0.999,0,1,0,-0.999,0,-0.044796,0.087159,0.028527,0.51814,0
-0.045214,0,0.99898,0,1,0,-0.99898,0,-0.045214,0.087977,0.028794,0.51829,0
-0.045634,0,0.99896,0,1,0,-0.99896,0,-0.045634,0.088799,0.029062,0.51844,0
-0.046056,0,0.99894,0,1,0,-0.99894,0,-0.046056,0.089624,0.02933,0.51859,0
-0.046479,0,0.99892,0,1,0,-0.99892,0,-0.046479,0.090452,0.0296,0.51874,0
-0.046904,0,0.9989,0,1,0,-0.9989,0,-0.046904,0.091284,0.029871,0.51889,0
-0.047331,0,0.99888,0,1,0,-0.99888,0,-0.047331,0.092119,0.030143,0.51905,0
-0.047759,0,0.99886,0,1,0,-0.99886,0,-0.047759,0.092957,0.030416,0.5192,0
-0.048189,0,0.99884,0,1,0,-0.99884,0,-0.048189,0.093799,0.03069,0.51935,0
-0.048621,0,0.99882,0,1,0,-0.99882,0,-0.048621,0.094644,0.030965,0.5195,0
-0.049054,0,0.9988,0,1,0,-0.9988,0,-0.049054,0.095492,0.031242,0.51966,0
-0.049489,0,0.99877,0,1,0,-0.99877,0,-0.049489,0.096344,0.031519,0.51981,0
-0.049926,0,0.99875,0,1,0,-0.99875,0,-0.049926,0.097199,0.031797,0.51996,0
-0.050365,0,0.99873,0,1,0,-0.99873,0,-0.050365,0.098058,0.032077,0.52012,0
-0.050805,0,0.99871,0,1,0,-0.99871,0,-0.050805,0.098919,0.032357,0.52027,0
-0.051246,0,0.99869,0,1,0,-0.99869,0,-0.051246,0.099784,0.032639,0.52043,0
-0.05169,0,0.99866,0,1,0,-0.99866,0,-0.05169,0.10065,0.032921,0.52058,0
-0.052135,0,0.99864,0,1,0,-0.99864,0,-0.052135,0.10152,0.033205,0.52074,0
-0.052581,0,0.99862,0,1,0,-0.99862,0,-0.052581,0.1024,0.03349,0.52089,0
-0.053029,0,0.99859,0,1,0,-0.99859,0,-0.053029,0.10328,0.033775,0.52105,0
-0.053479,0,0.99857,0,1,0,-0.99857,0,-0.053479,0.10416,0.034062,0.5212,0
-0.053931,0,0.99854,0,1,0,-0.99854,0,-0.053931,0.10504,0.03435,0.52136,0
-0.054384,0,0.99852,0,1,0,-0.99852,0,-0.054384,0.10593,0.034639,0.52151,0
-0.054839,0,0.9985,0,1,0,-0.9985,0,-0.054839,0.10682,0.034929,0.52167,0
-0.055295,0,0.99847,0,1,0,-0.99847,0,-0.055295,0.10772,0.03522,0.52182,0
-0.055753,0,0.99844,0,1,0,-0.99844,0,-0.055753,0.10862,0.035512,0.52198,0
-0.056213,0,0.99842,0,1,0,-0.99842,0,-0.056213,0.10952,0.035805,0.52214,0
-0.056674,0,0.99839,0,1,0,-0.99839,0,-0.056674,0.11042,0.036099,0.52229,0
-0.057137,0,0.99837,0,1,0,-0.99837,0,-0.057137,0.11133,0.036394,0.52245,0
-0.057601,0,0.99834,0,1,0,-0.99834,0,-0.057601,0.11224,0.03669,0.5226,0
-0.058067,0,0.99831,0,1,0,-0.99831,0,-0.058067,0.11315,0.036987,0.52276,0
-0.058535,0,0.99829,0,1,0,-0.99829,0,-0.058535,0.11407,0.037286,0.52292,0
-0.059004,0,0.99826,0,1,0,-0.99826,0,-0.059004,0.11499,0.037585,0.52307,0
-0.059474,0,0.99823,0,1,0,-0.99823,0,-0.059474,0.11592,0.037885,0.52323,0
-0.059947,0,0.9982,0,1,0,-0.9982,0,-0.059947,0.11684,0.038186,0.52339,0
-0.060421,0,0.99817,0,1,0,-0.99817,0,-0.060421,0.11777,0.038488,0.52355,0
-0.060896,0,0.99814,0,1,0,-0.99814,0,-0.060896,0.11871,0.038792,0.5237,0
-0.061373,0,0.99811,0,1,0,-0.99811,0,-0.061373,0.11964,0.039096,0.52386,0
-0.061852,0,0.99809,0,1,0,-0.99809,0,-0.061852,0.12058,0.039401,0.52402,0
-0.062332,0,0.99806,0,1,0,-0.99806,0,-0.062332,0.12153,0.039707,0.52417,0
-0.062814,0,0.99803,0,1,0,-0.99803,0,-0.062814,0.12247,0.040015,0.52433,0
-0.063297,0,0.99799,0,1,0,-0.99799,0,-0.063297,0.12342,0.040323,0.52449,0
-0.063782,0,0.99796,0,1,0,-0.99796,0,-0.063782,0.12437,0.040632,0.52465,0
-0.064268,0,0.99793,0,1,0,-0.99793,0,-0.064268,0.12533,0.040943,0.5248,0
-0.064756,0,0.9979,0,1,0,-0.9979,0,-0.064756,0.12629,0.041254,0.52496,0
-0.065246,0,0.99787,0,1,0,-0.99787,0,-0.065246,0.12725,0.041566,0.52512,0
-0.065736,0,0.99784,0,1,0,-0.99784,0,-0.065736,0.12821,0.041879,0.52528,0
-0.066229,0,0.9978,0,1,0,-0.9978,0,-0.066229,0.12918,0.042194,0.52544,0
-0.066723,0,0.99777,0,1,0,-0.99777,0,-0.066723,0.13015,0.042509,0.52559,0
-0.067219,0,0.99774,0,1,0,-0.99774,0,-0.067219,0.13113,0.042825,0.52575,0
-0.067716,0,0.9977,0,1,0,-0.9977,0,-0.067716,0.1321,0.043142,0.52591,0
-0.068214,0,0.99767,0,1,0,-0.99767,0,-0.068214,0.13308,0.04346,0.52607,0
-0.068714,0,0.99764,0,1,0,-0.99764,0,-0.068714,0.13407,0.043779,0.52622,0
-0.069216,0,0.9976,0,1,0,-0.9976,0,-0.069216,0.13505,0.0441,0.52638,0
-0.069719,0,0.99757,0,1,0,-0.99757,0,-0.069719,0.13604,0.044421,0.52654,0
-0.070224,0,0.99753,0,1,0,-0.99753,0,-0.070224,0.13704,0.044743,0.5267,0
-0.07073,0,0.9975,0,1,0,-0.9975,0,-0.07073,0.13803,0.045066,0.52685,0
-0.071238,0,0.99746,0,1,0,-0.99746,0,-0.071238,0.13903,0.04539,0.52701,0
-0.071747,0,0.99742,0,1,0,-0.99742,0,-0.071747,0.14003,0.045715,0.52717,0
-0.072257,0,0.99739,0,1,0,-0.99739,0,-0.072257,0.14104,0.046041,0.52733,0
-0.072769,0,0.99735,0,1,0,-0.99735,0,-0.072769,0.14205,0.046367,0.52749,0
-0.073283,0,0.99731,0,1,0,-0.99731,0,-0.073283,0.14306,0.046695,0.52764,0
-0.073798,0,0.99727,0,1,0,-0.99727,0,-0.073798,0.14407,0.047024,0.5278,0
-0.074314,0,0.99723,0,1,0,-0.99723,0,-0.074314,0.14509,0.047354,0.52796,0
-0.074832,0,0.9972,0,1,0,-0.9972,0,-0.074832,0.14611,0.047684,0.52811,0
-0.075352,0,0.99716,0,1,0,-0.99716,0,-0.075352,0.14713,0.048016,0.52827,0
-0.075873,0,0.99712,0,1,0,-0.99712,0,-0.075873,0.14816,0.048349,0.52843,0
-0.076395,0,0.99708,0,1,0,-0.99708,0,-0.076395,0.14918,0.048682,0.52859,0
-0.076919,0,0.99704,0,1,0,-0.99704,0,-0.076919,0.15022,0.049017,0.52874,0
-0.077444,0,0.997,0,1,0,-0.997,0,-0.077444,0.15125,0.049352,0.5289,0
-0.077971,0,0.99696,0,1,0,-0.99696,0,-0.077971,0.15229,0.049688,0.52906,0
-0.078499,0,0.99691,0,1,0,-0.99691,0,-0.078499,0.15333,0.050026,0.52921,0
-0.079029,0,0.99687,0,1,0,-0.99687,0,-0.079029,0.15437,0.050364,0.52937,0
-0.07956,0,0.99683,0,1,0,-0.99683,0,-0.07956,0.15542,0.050703,0.52952,0
-0.080092,0,0.99679,0,1,0,-0.99679,0,-0.080092,0.15647,0.051043,0.52968,0
-0.080626,0,0.99674,0,1,0,-0.99674,0,-0.080626,0.15752,0.051384,0.52984,0
-0.081161,0,0.9967,0,1,0,-0.9967,0,-0.081161,0.15858,0.051726,0.52999,0
-0.081698,0,0.99666,0,1,0,-0.99666,0,-0.081698,0.15964,0.052069,0.53015,0
-0.082236,0,0.99661,0,1,0,-0.99661,0,-0.082236,0.1607,0.052412,0.5303,0
-0.082776,0,0.99657,0,1,0,-0.99657,0,-0.082776,0.16176,0.052757,0.53046,0
-0.083317,0,0.99652,0,1,0,-0.99652,0,-0.083317,0.16283,0.053103,0.53061,0
-0.083859,0,0.99648,0,1,0,-0.99648,0,-0.083859,0.1639,0.053449,0.53077,0
-0.084403,0,0.99643,0,1,0,-0.99643,0,-0.084403,0.16497,0.053797,0.53092,0
-0.084948,0,0.99639,0,1,0,-0.99639,0,-0.084948,0.16605,0.054145,0.53108,0
-0.085495,0,0.99634,0,1,0,-0.99634,0,-0.085495,0.16713,0.054494,0.53123,0
-0.086042,0,0.99629,0,1,0,-0.99629,0,-0.086042,0.16821,0.054844,0.53139,0
-0.086592,0,0.99624,0,1,0,-0.99624,0,-0.086592,0.1693,0.055195,0.53154,0
-0.087143,0,0.9962,0,1,0,-0.9962,0,-0.087143,0.17038,0.055547,0.5317,0
-0.087695,0,0.99615,0,1,0,-0.99615,0,-0.087695,0.17147,0.0559,0.53185,0
-0.088248,0,0.9961,0,1,0,-0.9961,0,-0.088248,0.17257,0.056254,0.532,0
-0.088803,0,0.99605,0,1,0,-0.99605,0,-0.088803,0.17366,0.056608,0.53216,0
-0.089359,0,0.996,0,1,0,-0.996,0,-0.089359,0.17476,0.056964,0.53231,0
-0.089917,0,0.99595,0,1,0,-0.99595,0,-0.089917,0.17586,0.05732,0.53246,0
-0.090476,0,0.9959,0,1,0,-0.9959,0,-0.090476,0.17697,0.057677,0.53261,0
-0.091036,0,0.99585,0,1,0,-0.99585,0,-0.091036,0.17808,0.058036,0.53277,0
-0.091597,0,0.9958,0,1,0,-0.9958,0,-0.091597,0.17919,0.058395,0.53292,0
-0.09216,0,0.99574,0,1,0,-0.99574,0,-0.09216,0.1803,0.058754,0.53307,0
-0.092725,0,0.99569,0,1,0,-0.99569,0,-0.092725,0.18141,0.059115,0.53322,0
-0.09329,0,0.99564,0,1,0,-0.99564,0,-0.09329,0.18253,0.059477,0.53337,0
-0.093857,0,0.99559,0,1,0,-0.99559,0,-0.093857,0.18365,0.05984,0.53352,0
-0.094426,0,0.99553,0,1,0,-0.99553,0,-0.094426,0.18478,0.060203,0.53368,0
-0.094995,0,0.99548,0,1,0,-0.99548,0,-0.094995,0.18591,0.060567,0.53383,0
-0.095566,0,0.99542,0,1,0,-0.99542,0,-0.095566,0.18704,0.060932,0.53398,0
-0.096139,0,0.99537,0,1,0,-0.99537,0,-0.096139,0.18817,0.061298,0.53413,0
-0.096712,0,0.99531,0,1,0,-0.99531,0,-0.096712,0.1893,0.061665,0.53428,0
-0.097287,0,0.99526,0,1,0,-0.99526,0,-0.097287,0.19044,0.062033,0.53442,0
-0.097863,0,0.9952,0,1,0,-0.9952,0,-0.097863,0.19158,0.062402,0.53457,0
-0.098441,0,0.99514,0,1,0,-0.99514,0,-0.098441,0.19272,0.062771,0.53472,0
-0.09902,0,0.99509,0,1,0,-0.99509,0,-0.09902,0.19387,0.063141,0.53487,0
-0.0996,0,0.99503,0,1,0,-0.99503,0,-0.0996,0.19502,0.063512,0.53502,0
-0.10018,0,0.99497,0,1,0,-0.99497,0,-0.10018,0.19617,0.063884,0.53517,0
-0.10076,0,0.99491,0,1,0,-0.99491,0,-0.10076,0.19733,0.064257,0.53531,0
-0.10135,0,0.99485,0,1,0,-0.99485,0,-0.10135,0.19848,0.064631,0.53546,0
-0.10193,0,0.99479,0,1,0,-0.99479,0,-0.10193,0.19964,0.065006,0.53561,0
-0.10252,0,0.99473,0,1,0,-0.99473,0,-0.10252,0.20081,0.065381,0.53575,0
-0.10311,0,0.99467,0,1,0,-0.99467,0,-0.10311,0.20197,0.065757,0.5359,0
-0.1037,0,0.99461,0,1,0,-0.99461,0,-0.1037,0.20314,0.066134,0.53604,0
-0.10429,0,0.99455,0,1,0,-0.99455,0,-0.10429,0.20431,0.066512,0.53619,0
-0.10488,0,0.99449,0,1,0,-0.99449,0,-0.10488,0.20548,0.066891,0.53633,0
-0.10547,0,0.99442,0,1,0,-0.99442,0,-0.10547,0.20666,0.06727,0.53648,0
-0.10607,0,0.99436,0,1,0,-0.99436,0,-0.10607,0.20784,0.067651,0.53662,0
-0.10666,0,0.9943,0,1,0,-0.9943,0,-0.10666,0.20902,0.068032,0.53677,0
-0.10726,0,0.99423,0,1,0,-0.99423,0,-0.10726,0.2102,0.068414,0.53691,0
-0.10786,0,0.99417,0,1,0,-0.99417,0,-0.10786,0.21139,0.068797,0.53705,0
-0.10845,0,0.9941,0,1,0,-0.9941,0,-0.10845,0.21258,0.06918,0.53719,0
-0.10906,0,0.99404,0,1,0,-0.99404,0,-0.10906,0.21377,0.069565,0.53734,0
-0.10966,0,0.99397,0,1,0,-0.99397,0,-0.10966,0.21496,0.06995,0.53748,0
-0.11026,0,0.9939,0,1,0,-0.9939,0,-0.11026,0.21616,0.070336,0.53762,0
-0.11086,0,0.99384,0,1,0,-0.99384,0,-0.11086,0.21736,0.070723,0.53776,0
-0.11147,0,0.99377,0,1,0,-0.99377,0,-0.11147,0.21856,0.071111,0.5379,0
-0.11208,0,0.9937,0,1,0,-0.9937,0,-0.11208,0.21976,0.0715,0.53804,0
-0.11268,0,0.99363,0,1,0,-0.99363,0,-0.11268,0.22097,0.071889,0.53818,0
-0.11329,0,0.99356,0,1,0,-0.99356,0,-0.11329,0.22218,0.072279,0.53832,0
-0.1139,0,0.99349,0,1,0,-0.99349,0,-0.1139,0.22339,0.07267,0.53846,0
-0.11451,0,0.99342,0,1,0,-0.99342,0,-0.11451,0.22461,0.073062,0.53859,0
-0.11513,0,0.99335,0,1,0,-0.99335,0,-0.11513,0.22582,0.073454,0.53873,0
-0.11574,0,0.99328,0,1,0,-0.99328,0,-0.11574,0.22704,0.073847,0.53887,0
-0.11635,0,0.99321,0,1,0,-0.99321,0,-0.11635,0.22827,0.074242,0.53901,0
-0.11697,0,0.99314,0,1,0,-0.99314,0,-0.11697,0.22949,0.074636,0.53914,0
-0.11759,0,0.99306,0,1,0,-0.99306,0,-0.11759,0.23072,0.075032,0.53928,0
-0.11821,0,0.99299,0,1,0,-0.99299,0,-0.11821,0.23195,0.075429,0.53941,0
-0.11883,0,0.99292,0,1,0,-0.99292,0,-0.11883,0.23318,0.075826,0.53955,0
-0.11945,0,0.99284,0,1,0,-0.99284,0,-0.11945,0.23442,0.076224,0.53968,0
-0.12007,0,0.99277,0,1,0,-0.99277,0,-0.12007,0.23565,0.076623,0.53981,0
-0.12069,0,0.99269,0,1,0,-0.99269,0,-0.12069,0.23689,0.077022,0.53995,0
-0.12132,0,0.99261,0,1,0,-0.99261,0,-0.12132,0.23814,0.077423,0.54008,0
-0.12194,0,0.99254,0,1,0,-0.99254,0,-0.12194,0.23938,0.077824,0.54021,0
-0.12257,0,0.99246,0,1,0,-0.99246,0,-0.12257,0.24063,0.078226,0.54034,0
-0.1232,0,0.99238,0,1,0,-0.99238,0,-0.1232,0.24188,0.078628,0.54047,0
-0.12382,0,0.9923,0,1,0,-0.9923,0,-0.12382,0.24313,0.079032,0.5406,0
-0.12445,0,0.99223,0,1,0,-0.99223,0,-0.12445,0.24439,0.079436,0.54073,0
-0.12508,0,0.99215,0,1,0,-0.99215,0,-0.12508,0.24564,0.079841,0.54086,0
-0.12572,0,0.99207,0,1,0,-0.99207,0,-0.12572,0.2469,0.080246,0.54099,0
-0.12635,0,0.99199,0,1,0,-0.99199,0,-0.12635,0.24816,0.080653,0.54112,0
-0.12699,0,0.9919,0,1,0,-0.9919,0,-0.12699,0.24943,0.08106,0.54125,0
-0.12762,0,0.99182,0,1,0,-0.99182,0,-0.12762,0.2507,0.081468,0.54137,0
-0.12826,0,0.99174,0,1,0,-0.99174,0,-0.12826,0.25196,0.081877,0.5415,0
-0.1289,0,0.99166,0,1,0,-0.99166,0,-0.1289,0.25324,0.082286,0.54163,0
-0.12953,0,0.99157,0,1,0,-0.99157,0,-0.12953,0.25451,0.082696,0.54175,0
-0.13017,0,0.99149,0,1,0,-0.99149,0,-0.13017,0.25579,0.083107,0.54188,0
-0.13082,0,0.99141,0,1,0,-0.99141,0,-0.13082,0.25707,0.083519,0.542,0
-0.13146,0,0.99132,0,1,0,-0.99132,0,-0.13146,0.25835,0.083931,0.54212,0
-0.1321,0,0.99124,0,1,0,-0.99124,0,-0.1321,0.25963,0.084344,0.54225,0
-0.13275,0,0.99115,0,1,0,-0.99115,0,-0.13275,0.26092,0.084758,0.54237,0
-0.13339,0,0.99106,0,1,0,-0.99106,0,-0.13339,0.2622,0.085173,0.54249,0
-0.13404,0,0.99098,0,1,0,-0.99098,0,-0.13404,0.26349,0.085588,0.54261,0
-0.13468,0,0.99089,0,1,0,-0.99089,0,-0.13468,0.26479,0.086004,0.54273,0
-0.13533,0,0.9908,0,1,0,-0.9908,0,-0.13533,0.26608,0.086421,0.54285,0
-0.13598,0,0.99071,0,1,0,-0.99071,0,-0.13598,0.26738,0.086839,0.54297,0
-0.13663,0,0.99062,0,1,0,-0.99062,0,-0.13663,0.26868,0.087257,0.54309,0
-0.13729,0,0.99053,0,1,0,-0.99053,0,-0.13729,0.26998,0.087676,0.54321,0
-0.13794,0,0.99044,0,1,0,-0.99044,0,-0.13794,0.27129,0.088095,0.54332,0
-0.13859,0,0.99035,0,1,0,-0.99035,0,-0.13859,0.27259,0.088516,0.54344,0
-0.13925,0,0.99026,0,1,0,-0.99026,0,-0.13925,0.2739,0.088937,0.54356,0
-0.1399,0,0.99017,0,1,0,-0.99017,0,-0.1399,0.27521,0.089359,0.54367,0
-0.14056,0,0.99007,0,1,0,-0.99007,0,-0.14056,0.27653,0.089781,0.54379,0
-0.14122,0,0.98998,0,1,0,-0.98998,0,-0.14122,0.27784,0.090204,0.5439,0
-0.14188,0,0.98988,0,1,0,-0.98988,0,-0.14188,0.27916,0.090628,0.54401,0
-0.14254,0,0.98979,0,1,0,-0.98979,0,-0.14254,0.28048,0.091053,0.54412,0
-0.1432,0,0.98969,0,1,0,-0.98969,0,-0.1432,0.28181,0.091478,0.54424,0
-0.14386,0,0.9896,0,1,0,-0.9896,0,-0.14386,0.28313,0.091904,0.54435,0
-0.14453,0,0.9895,0,1,0,-0.9895,0,-0.14453,0.28446,0.092331,0.54446,0
-0.14519,0,0.9894,0,1,0,-0.9894,0,-0.14519,0.28579,0.092758,0.54457,0
-0.14585,0,0.98931,0,1,0,-0.98931,0,-0.14585,0.28712,0.093186,0.54468,0
-0.14652,0,0.98921,0,1,0,-0.98921,0,-0.14652,0.28845,0.093615,0.54478,0
-0.14719,0,0.98911,0,1,0,-0.98911,0,-0.14719,0.28979,0.094044,0.54489,0
-0.14786,0,0.98901,0,1,0,-0.98901,0,-0.14786,0.29113,0.094475,0.545,0
-0.14853,0,0.98891,0,1,0,-0.98891,0,-0.14853,0.29247,0.094905,0.5451,0
-0.1492,0,0.98881,0,1,0,-0.98881,0,-0.1492,0.29381,0.095337,0.54521,0
-0.14987,0,0.98871,0,1,0,-0.98871,0,-0.14987,0.29515,0.095769,0.54531,0
-0.15054,0,0.9886,0,1,0,-0.9886,0,-0.15054,0.2965,0.096202,0.54542,0
-0.15121,0,0.9885,0,1,0,-0.9885,0,-0.15121,0.29785,0.096635,0.54552,0
-0.15189,0,0.9884,0,1,0,-0.9884,0,-0.15189,0.2992,0.09707,0.54562,0
-0.15256,0,0.98829,0,1,0,-0.98829,0,-0.15256,0.30055,0.097504,0.54572,0
-0.15324,0,0.98819,0,1,0,-0.98819,0,-0.15324,0.30191,0.09794,0.54582,0
-0.15391,0,0.98808,0,1,0,-0.98808,0,-0.15391,0.30327,0.098376,0.54592,0
-0.15459,0,0.98798,0,1,0,-0.98798,0,-0.15459,0.30463,0.098813,0.54602,0
-0.15527,0,0.98787,0,1,0,-0.98787,0,-0.15527,0.30599,0.09925,0.54612,0
-0.15595,0,0.98776,0,1,0,-0.98776,0,-0.15595,0.30735,0.099689,0.54622,0
-0.15663,0,0.98766,0,1,0,-0.98766,0,-0.15663,0.30872,0.10013,0.54631,0
-0.15731,0,0.98755,0,1,0,-0.98755,0,-0.15731,0.31009,0.10057,0.54641,0
-0.158,0,0.98744,0,1,0,-0.98744,0,-0.158,0.31146,0.10101,0.54651,0
-0.15868,0,0.98733,0,1,0,-0.98733,0,-0.15868,0.31283,0.10145,0.5466,0
-0.15936,0,0.98722,0,1,0,-0.98722,0,-0.15936,0.3142,0.10189,0.54669,0
-0.16005,0,0.98711,0,1,0,-0.98711,0,-0.16005,0.31558,0.10233,0.54679,0
-0.16074,0,0.987,0,1,0,-0.987,0,-0.16074,0.31696,0.10277,0.54688,0
-0.16142,0,0.98689,0,1,0,-0.98689,0,-0.16142,0.31834,0.10322,0.54697,0
-0.16211,0,0.98677,0,1,0,-0.98677,0,-0.16211,0.31972,0.10366,0.54706,0
-0.1628,0,0.98666,0,1,0,-0.98666,0,-0.1628,0.32111,0.10411,0.54715,0
-0.16349,0,0.98654,0,1,0,-0.98654,0,-0.16349,0.32249,0.10455,0.54724,0
-0.16418,0,0.98643,0,1,0,-0.98643,0,-0.16418,0.32388,0.105,0.54732,0
-0.16487,0,0.98631,0,1,0,-0.98631,0,-0.16487,0.32527,0.10544,0.54741,0
-0.16557,0,0.9862,0,1,0,-0.9862,0,-0.16557,0.32667,0.10589,0.5475,0
-0.16626,0,0.98608,0,1,0,-0.98608,0,-0.16626,0.32806,0.10634,0.54758,0
-0.16695,0,0.98596,0,1,0,-0.98596,0,-0.16695,0.32946,0.10679,0.54767,0
-0.16765,0,0.98585,0,1,0,-0.98585,0,-0.16765,0.33086,0.10724,0.54775,0
-0.16835,0,0.98573,0,1,0,-0.98573,0,-0.16835,0.33226,0.10768,0.54783,0
-0.16904,0,0.98561,0,1,0,-0.98561,0,-0.16904,0.33366,0.10814,0.54791,0
-0.16974,0,0.98549,0,1,0,-0.98549,0,-0.16974,0.33506,0.10859,0.54799,0
-0.17044,0,0.98537,0,1,0,-0.98537,0,-0.17044,0.33647,0.10904,0.54807,0
-0.17114,0,0.98525,0,1,0,-0.98525,0,-0.17114,0.33788,0.10949,0.54815,0
-0.17184,0,0.98512,0,1,0,-0.98512,0,-0.17184,0.33929,0.10994,0.54823,0
-0.17254,0,0.985,0,1,0,-0.985,0,-0.17254,0.3407,0.1104,0.54831,0
-0.17324,0,0.98488,0,1,0,-0.98488,0,-0.17324,0.34212,0.11085,0.54838,0
-0.17395,0,0.98476,0,1,0,-0.98476,0,-0.17395,0.34353,0.1113,0.54846,0
-0.17465,0,0.98463,0,1,0,-0.98463,0,-0.17465,0.34495,0.11176,0.54853,0
-0.17535,0,0.98451,0,1,0,-0.98451,0,-0.17535,0.34637,0.11221,0.54861,0
-0.17606,0,0.98438,0,1,0,-0.98438,0,-0.17606,0.34779,0.11267,0.54868,0
-0.17677,0,0.98425,0,1,0,-0.98425,0,-0.17677,0.34922,0.11313,0.54875,0
-0.17747,0,0.98413,0,1,0,-0.98413,0,-0.17747,0.35064,0.11358,0.54882,0
-0.17818,0,0.984,0,1,0,-0.984,0,-0.17818,0.35207,0.11404,0.54889,0
-0.17889,0,0.98387,0,1,0,-0.98387,0,-0.17889,0.3535,0.1145,0.54896,0
-0.1796,0,0.98374,0,1,0,-0.98374,0,-0.1796,0.35493,0.11496,0.54903,0
-0.18031,0,0.98361,0,1,0,-0.98361,0,-0.18031,0.35637,0.11542,0.54909,0
-0.18102,0,0.98348,0,1,0,-0.98348,0,-0.18102,0.3578,0.11588,0.54916,0
-0.18173,0,0.98335,0,1,0,-0.98335,0,-0.18173,0.35924,0.11634,0.54922,0
-0.18245,0,0.98322,0,1,0,-0.98322,0,-0.18245,0.36068,0.1168,0.54929,0
-0.18316,0,0.98308,0,1,0,-0.98308,0,-0.18316,0.36212,0.11726,0.54935,0
-0.18387,0,0.98295,0,1,0,-0.98295,0,-0.18387,0.36356,0.11773,0.54941,0
-0.18459,0,0.98282,0,1,0,-0.98282,0,-0.18459,0.365,0.11819,0.54947,0
-0.1853,0,0.98268,0,1,0,-0.98268,0,-0.1853,0.36645,0.11865,0.54953,0
-0.18602,0,0.98255,0,1,0,-0.98255,0,-0.18602,0.3679,0.11912,0.54959,0
-0.18674,0,0.98241,0,1,0,-0.98241,0,-0.18674,0.36935,0.11958,0.54965,0
-0.18746,0,0.98227,0,1,0,-0.98227,0,-0.18746,0.3708,0.12005,0.54971,0
-0.18818,0,0.98214,0,1,0,-0.98214,0,-0.18818,0.37225,0.12051,0.54976,0
-0.1889,0,0.982,0,1,0,-0.982,0,-0.1889,0.37371,0.12098,0.54982,0
-0.18962,0,0.98186,0,1,0,-0.98186,0,-0.18962,0.37516,0.12145,0.54987,0
-0.19034,0,0.98172,0,1,0,-0.98172,0,-0.19034,0.37662,0.12192,0.54993,0
-0.19106,0,0.98158,0,1,0,-0.98158,0,-0.19106,0.37808,0.12238,0.54998,0
-0.19178,0,0.98144,0,1,0,-0.98144,0,-0.19178,0.37954,0.12285,0.55003,0
-0.1925,0,0.9813,0,1,0,-0.9813,0,-0.1925,0.38101,0.12332,0.55008,0
-0.19323,0,0.98115,0,1,0,-0.98115,0,-0.19323,0.38247,0.12379,0.55013,0
-0.19395,0,0.98101,0,1,0,-0.98101,0,-0.19395,0.38394,0.12426,0.55018,0
-0.19468,0,0.98087,0,1,0,-0.98087,0,-0.19468,0.38541,0.12473,0.55022,0
-0.19541,0,0.98072,0,1,0,-0.98072,0,-0.19541,0.38688,0.1252,0.55027,0
-0.19613,0,0.98058,0,1,0,-0.98058,0,-0.19613,0.38835,0.12568,0.55032,0
-0.19686,0,0.98043,0,1,0,-0.98043,0,-0.19686,0.38983,0.12615,0.55036,0
-0.19759,0,0.98029,0,1,0,-0.98029,0,-0.19759,0.3913,0.12662,0.5504,0
-0.19832,0,0.98014,0,1,0,-0.98014,0,-0.19832,0.39278,0.1271,0.55044,0
-0.19905,0,0.97999,0,1,0,-0.97999,0,-0.19905,0.39426,0.12757,0.55048,0
-0.19978,0,0.97984,0,1,0,-0.97984,0,-0.19978,0.39574,0.12804,0.55052,0
-0.20051,0,0.97969,0,1,0,-0.97969,0,-0.20051,0.39722,0.12852,0.55056,0
-0.20124,0,0.97954,0,1,0,-0.97954,0,-0.20124,0.3987,0.12899,0.5506,0
-0.20197,0,0.97939,0,1,0,-0.97939,0,-0.20197,0.40019,0.12947,0.55064,0
-0.20271,0,0.97924,0,1,0,-0.97924,0,-0.20271,0.40168,0.12995,0.55067,0
-0.20344,0,0.97909,0,1,0,-0.97909,0,-0.20344,0.40316,0.13042,0.55071,0
-0.20417,0,0.97893,0,1,0,-0.97893,0,-0.20417,0.40466,0.1309,0.55074,0
-0.20491,0,0.97878,0,1,0,-0.97878,0,-0.20491,0.40615,0.13138,0.55077,0
-0.20565,0,0.97863,0,1,0,-0.97863,0,-0.20565,0.40764,0.13186,0.5508,0
-0.20638,0,0.97847,0,1,0,-0.97847,0,-0.20638,0.40914,0.13234,0.55083,0
-0.20712,0,0.97832,0,1,0,-0.97832,0,-0.20712,0.41063,0.13282,0.55086,0
-0.20786,0,0.97816,0,1,0,-0.97816,0,-0.20786,0.41213,0.1333,0.55089,0
-0.2086,0,0.978,0,1,0,-0.978,0,-0.2086,0.41363,0.13378,0.55092,0
-0.20933,0,0.97784,0,1,0,-0.97784,0,-0.20933,0.41513,0.13426,0.55094,0
-0.21007,0,0.97769,0,1,0,-0.97769,0,-0.21007,0.41663,0.13474,0.55097,0
-0.21081,0,0.97753,0,1,0,-0.97753,0,-0.21081,0.41814,0.13522,0.55099,0
-0.21156,0,0.97737,0,1,0,-0.97737,0,-0.21156,0.41964,0.13571,0.55101,0
-0.2123,0,0.97721,0,1,0,-0.97721,0,-0.2123,0.42115,0.13619,0.55103,0
-0.21304,0,0.97704,0,1,0,-0.97704,0,-0.21304,0.42266,0.13667,0.55105,0
-0.21378,0,0.97688,0,1,0,-0.97688,0,-0.21378,0.42417,0.13716,0.55107,0
-0.21453,0,0.97672,0,1,0,-0.97672,0,-0.21453,0.42568,0.13764,0.55109,0
-0.21527,0,0.97655,0,1,0,-0.97655,0,-0.21527,0.4272,0.13813,0.55111,0
-0.21601,0,0.97639,0,1,0,-0.97639,0,-0.21601,0.42871,0.13861,0.55112,0
-0.21676,0,0.97623,0,1,0,-0.97623,0,-0.21676,0.43023,0.1391,0.55114,0
-0.21751,0,0.97606,0,1,0,-0.97606,0,-0.21751,0.43175,0.13958,0.55115,0
-0.21825,0,0.97589,0,1,0,-0.97589,0,-0.21825,0.43327,0.14007,0.55116,0
-0.219,0,0.97573,0,1,0,-0.97573,0,-0.219,0.43479,0.14056,0.55117,0
-0.21975,0,0.97556,0,1,0,-0.97556,0,-0.21975,0.43631,0.14105,0.55118,0
-0.22049,0,0.97539,0,1,0,-0.97539,0,-0.22049,0.43783,0.14153,0.55119,0
-0.22124,0,0.97522,0,1,0,-0.97522,0,-0.22124,0.43936,0.14202,0.5512,0
-0.22199,0,0.97505,0,1,0,-0.97505,0,-0.22199,0.44089,0.14251,0.5512,0
-0.22274,0,0.97488,0,1,0,-0.97488,0,-0.22274,0.44241,0.143,0.55121,0
-0.22349,0,0.97471,0,1,0,-0.97471,0,-0.22349,0.44394,0.14349,0.55121,0
-0.22424,0,0.97453,0,1,0,-0.97453,0,-0.22424,0.44547,0.14398,0.55122,0
-0.22499,0,0.97436,0,1,0,-0.97436,0,-0.22499,0.44701,0.14447,0.55122,0
-0.22575,0,0.97419,0,1,0,-0.97419,0,-0.22575,0.44854,0.14496,0.55122,0
-0.2265,0,0.97401,0,1,0,-0.97401,0,-0.2265,0.45007,0.14546,0.55122,0
-0.22725,0,0.97384,0,1,0,-0.97384,0,-0.22725,0.45161,0.14595,0.55122,0
-0.22801,0,0.97366,0,1,0,-0.97366,0,-0.22801,0.45315,0.14644,0.55121,0
-0.22876,0,0.97348,0,1,0,-0.97348,0,-0.22876,0.45469,0.14693,0.55121,0
-0.22951,0,0.97331,0,1,0,-0.97331,0,-0.22951,0.45623,0.14743,0.5512,0
-0.23027,0,0.97313,0,1,0,-0.97313,0,-0.23027,0.45777,0.14792,0.55119,0
-0.23103,0,0.97295,0,1,0,-0.97295,0,-0.23103,0.45931,0.14842,0.55119,0
-0.23178,0,0.97277,0,1,0,-0.97277,0,-0.23178,0.46086,0.14891,0.55118,0
-0.23254,0,0.97259,0,1,0,-0.97259,0,-0.23254,0.4624,0.14941,0.55117,0
-0.2333,0,0.97241,0,1,0,-0.97241,0,-0.2333,0.46395,0.1499,0.55116,0
-0.23405,0,0.97222,0,1,0,-0.97222,0,-0.23405,0.4655,0.1504,0.55114,0
-0.23481,0,0.97204,0,1,0,-0.97204,0,-0.23481,0.46705,0.15089,0.55113,0
-0.23557,0,0.97186,0,1,0,-0.97186,0,-0.23557,0.4686,0.15139,0.55111,0
-0.23633,0,0.97167,0,1,0,-0.97167,0,-0.23633,0.47015,0.15189,0.5511,0
-0.23709,0,0.97149,0,1,0,-0.97149,0,-0.23709,0.4717,0.15239,0.55108,0
-0.23785,0,0.9713,0,1,0,-0.9713,0,-0.23785,0.47326,0.15289,0.55106,0
-0.23861,0,0.97112,0,1,0,-0.97112,0,-0.23861,0.47482,0.15338,0.55104,0
-0.23937,0,0.97093,0,1,0,-0.97093,0,-0.23937,0.47637,0.15388,0.55102,0
-0.24013,0,0.97074,0,1,0,-0.97074,0,-0.24013,0.47793,0.15438,0.551,0
-0.2409,0,0.97055,0,1,0,-0.97055,0,-0.2409,0.47949,0.15488,0.55097,0
-0.24166,0,0.97036,0,1,0,-0.97036,0,-0.24166,0.48105,0.15538,0.55095,0
-0.24242,0,0.97017,0,1,0,-0.97017,0,-0.24242,0.48261,0.15588,0.55092,0
-0.24318,0,0.96998,0,1,0,-0.96998,0,-0.24318,0.48418,0.15638,0.55089,0
-0.24395,0,0.96979,0,1,0,-0.96979,0,-0.24395,0.48574,0.15689,0.55086,0
-0.24471,0,0.9696,0,1,0,-0.9696,0,-0.24471,0.48731,0.15739,0.55083,0
-0.24548,0,0.9694,0,1,0,-0.9694,0,-0.24548,0.48887,0.15789,0.5508,0
-0.24624,0,0.96921,0,1,0,-0.96921,0,-0.24624,0.49044,0.15839,0.55077,0
-0.24701,0,0.96901,0,1,0,-0.96901,0,-0.24701,0.49201,0.15889,0.55074,0
-0.24777,0,0.96882,0,1,0,-0.96882,0,-0.24777,0.49358,0.1594,0.5507,0
-0.24854,0,0.96862,0,1,0,-0.96862,0,-0.24854,0.49515,0.1599,0.55066,0
-0.24931,0,0.96842,0,1,0,-0.96842,0,-0.24931,0.49673,0.16041,0.55063,0
-0.25007,0,0.96823,0,1,0,-0.96823,0,-0.25007,0.4983,0.16091,0.55059,0
-0.25084,0,0.96803,0,1,0,-0.96803,0,-0.25084,0.49988,0.16141,0.55055,0
-0.25161,0,0.96783,0,1,0,-0.96783,0,-0.25161,0.50145,0.16192,0.5505,0
-0.25238,0,0.96763,0,1,0,-0.96763,0,-0.25238,0.50303,0.16243,0.55046,0
-0.25315,0,0.96743,0,1,0,-0.96743,0,-0.25315,0.50461,0.16293,0.55042,0
-0.25392,0,0.96723,0,1,0,-0.96723,0,-0.25392,0.50619,0.16344,0.55037,0
-0.25469,0,0.96702,0,1,0,-0.96702,0,-0.25469,0.50777,0.16394,0.55033,0
-0.25546,0,0.96682,0,1,0,-0.96682,0,-0.25546,0.50935,0.16445,0.55028,0
-0.25623,0,0.96662,0,1,0,-0.96662,0,-0.25623,0.51093,0.16496,0.55023,0
-0.257,0,0.96641,0,1,0,-0.96641,0,-0.257,0.51251,0.16547,0.55018,0
-0.25777,0,0.96621,0,1,0,-0.96621,0,-0.25777,0.5141,0.16597,0.55013,0
-0.25854,0,0.966,0,1,0,-0.966,0,-0.25854,0.51569,0.16648,0.55007,0
-0.25931,0,0.96579,0,1,0,-0.96579,0,-0.25931,0.51727,0.16699,0.55002,0
-0.26008,0,0.96559,0,1,0,-0.96559,0,-0.26008,0.51886,0.1675,0.54996,0
-0.26086,0,0.96538,0,1,0,-0.96538,0,-0.26086,0.52045,0.16801,0.5499,0
-0.26163,0,0.96517,0,1,0,-0.96517,0,-0.26163,0.52204,0.16852,0.54985,0
-0.2624,0,0.96496,0,1,0,-0.96496,0,-0.2624,0.52363,0.16903,0.54979,0
-0.26318,0,0.96475,0,1,0,-0.96475,0,-0.26318,0.52522,0.16954,0.54973,0
-0.26395,0,0.96454,0,1,0,-0.96454,0,-0.26395,0.52681,0.17005,0.54966,0
-0.26472,0,0.96432,0,1,0,-0.96432,0,-0.26472,0.52841,0.17056,0.5496,0
-0.2655,0,0.96411,0,1,0,-0.96411,0,-0.2655,0.53,0.17107,0.54953,0
-0.26627,0,0.9639,0,1,0,-0.9639,0,-0.26627,0.5316,0.17159,0.54947,0
-0.26705,0,0.96368,0,1,0,-0.96368,0,-0.26705,0.5332,0.1721,0.5494,0
-0.26783,0,0.96347,0,1,0,-0.96347,0,-0.26783,0.53479,0.17261,0.54933,0
